ObjectID,GlobalID,What are you reporting?,Date of Incident,Time period of incident,Reporting behavior of a....,Who was impacted?,Were children present?,Is this a recurring incident?,Please describe the incident in your own words,Jurisdiction,Other,Pedestrian / Biking Path,Area,Travel Lane,Were weather conditions a likely factor?,Weather conditions,Pedestrian behavior factors,Driver / Cyclist behavior factors,Unsafe conditions / environmental factors,Additional comments,Would you be willing to share your contact information with local authorities?,Full name,Email address,Phone Number,Mailing Address,Select one or more NoVA FSS Charters to subscribe to communications:,Do you want to use the same contact information as above?,Full name.1,Email address.1,Phone number,Mailing address,How did you hear about us?,Please let us know where you heard about us?,CreationDate,Creator,EditDate,Editor,x,y,y_rad,x_rad,cluster
1751,259eb1aa-0084-4d05-9291-df9cc822e290,Near_Miss,10/5/20 0:00,5,Driver,Person_Walking,No,No,Many hits and two deaths at this intersection; speed limit at top of hill but that does not slow drivers,City of Alexandria,,Crosswalk,,,No,,,"Failure_to_Yield,Speeding",,,No,,,,,,No,,,,,,,12/7/22 13:48,Alexandria_FSS,12/7/22 13:48,Alexandria_FSS,-77.13917634,38.80980618,0.6773588999018432,-1.346332609409509,412
